0 | []
2 | []
4 | [2. 2.]
6 | [3. 3.]
8 | [3. 5.]
10 | [3. 7. 5. 5.]
12 | [5. 7.]
14 | [ 3. 11.  7.  7.]
16 | [ 3. 13.  5. 11.]
18 | [ 5. 13.  7. 11.]
20 | [ 3. 17.  7. 13.]
22 | [ 3. 19.  5. 17. 11. 11.]
24 | [ 5. 19.  7. 17. 11. 13.]
26 | [ 3. 23.  7. 19. 13. 13.]
28 | [ 5. 23. 11. 17.]
30 | [ 7. 23. 11. 19. 13. 17.]
32 | [ 3. 29. 13. 19.]
34 | [ 3. 31.  5. 29. 11. 23. 17. 17.]
36 | [ 5. 31.  7. 29. 13. 23. 17. 19.]
38 | [ 7. 31. 19. 19.]
40 | [ 3. 37. 11. 29. 17. 23.]
42 | [ 5. 37. 11. 31. 13. 29. 19. 23.]
44 | [ 3. 41.  7. 37. 13. 31.]
46 | [ 3. 43.  5. 41. 17. 29. 23. 23.]
48 | [ 5. 43.  7. 41. 11. 37. 17. 31. 19. 29.]
50 | [ 3. 47.  7. 43. 13. 37. 19. 31.]
52 | [ 5. 47. 11. 41. 23. 29.]
54 | [ 7. 47. 11. 43. 13. 41. 17. 37. 23. 31.]
56 | [ 3. 53. 13. 43. 19. 37.]
58 | [ 5. 53. 11. 47. 17. 41. 29. 29.]
60 | [ 7. 53. 13. 47. 17. 43. 19. 41. 23. 37. 29. 31.]
62 | [ 3. 59. 19. 43. 31. 31.]
64 | [ 3. 61.  5. 59. 11. 53. 17. 47. 23. 41.]
66 | [ 5. 61.  7. 59. 13. 53. 19. 47. 23. 43. 29. 37.]
68 | [ 7. 61. 31. 37.]
70 | [ 3. 67. 11. 59. 17. 53. 23. 47. 29. 41.]
72 | [ 5. 67. 11. 61. 13. 59. 19. 53. 29. 43. 31. 41.]
74 | [ 3. 71.  7. 67. 13. 61. 31. 43. 37. 37.]
76 | [ 3. 73.  5. 71. 17. 59. 23. 53. 29. 47.]
78 | [ 5. 73.  7. 71. 11. 67. 17. 61. 19. 59. 31. 47. 37. 41.]
80 | [ 7. 73. 13. 67. 19. 61. 37. 43.]
82 | [ 3. 79. 11. 71. 23. 59. 29. 53. 41. 41.]
84 | [ 5. 79. 11. 73. 13. 71. 17. 67. 23. 61. 31. 53. 37. 47. 41. 43.]
86 | [ 3. 83.  7. 79. 13. 73. 19. 67. 43. 43.]
88 | [ 5. 83. 17. 71. 29. 59. 41. 47.]
90 | [ 7. 83. 11. 79. 17. 73. 19. 71. 23. 67. 29. 61. 31. 59. 37. 53. 43. 47.]
92 | [ 3. 89. 13. 79. 19. 73. 31. 61.]
94 | [ 5. 89. 11. 83. 23. 71. 41. 53. 47. 47.]
96 | [ 7. 89. 13. 83. 17. 79. 23. 73. 29. 67. 37. 59. 43. 53.]
98 | [19. 79. 31. 67. 37. 61.]
100 | [ 3. 97. 11. 89. 17. 83. 29. 71. 41. 59. 47. 53.]
102 | [ 5. 97. 13. 89. 19. 83. 23. 79. 29. 73. 31. 71. 41. 61. 43. 59.]
104 | [  3. 101.   7.  97.  31.  73.  37.  67.  43.  61.]
106 | [  3. 103.   5. 101.  17.  89.  23.  83.  47.  59.  53.  53.]
108 | [  5. 103.   7. 101.  11.  97.  19.  89.  29.  79.  37.  71.  41.  67.
  47.  61.]
110 | [  3. 107.   7. 103.  13.  97.  31.  79.  37.  73.  43.  67.]
112 | [  3. 109.   5. 107.  11. 101.  23.  89.  29.  83.  41.  71.  53.  59.]
114 | [  5. 109.   7. 107.  11. 103.  13. 101.  17.  97.  31.  83.  41.  73.
  43.  71.  47.  67.  53.  61.]
116 | [  3. 113.   7. 109.  13. 103.  19.  97.  37.  79.  43.  73.]
118 | [  5. 113.  11. 107.  17. 101.  29.  89.  47.  71.  59.  59.]
120 | [  7. 113.  11. 109.  13. 107.  17. 103.  19. 101.  23.  97.  31.  89.
  37.  83.  41.  79.  47.  73.  53.  67.  59.  61.]
122 | [ 13. 109.  19. 103.  43.  79.  61.  61.]
124 | [ 11. 113.  17. 107.  23. 101.  41.  83.  53.  71.]
126 | [ 13. 113.  17. 109.  19. 107.  23. 103.  29.  97.  37.  89.  43.  83.
  47.  79.  53.  73.  59.  67.]
128 | [ 19. 109.  31.  97.  61.  67.]
130 | [  3. 127.  17. 113.  23. 107.  29. 101.  41.  89.  47.  83.  59.  71.]
132 | [  5. 127.  19. 113.  23. 109.  29. 103.  31. 101.  43.  89.  53.  79.
  59.  73.  61.  71.]
134 | [  3. 131.   7. 127.  31. 103.  37.  97.  61.  73.  67.  67.]
136 | [  5. 131.  23. 113.  29. 107.  47.  89.  53.  83.]
138 | [  7. 131.  11. 127.  29. 109.  31. 107.  37. 101.  41.  97.  59.  79.
  67.  71.]
140 | [  3. 137.  13. 127.  31. 109.  37. 103.  43.  97.  61.  79.  67.  73.]
142 | [  3. 139.   5. 137.  11. 131.  29. 113.  41. 101.  53.  89.  59.  83.
  71.  71.]
144 | [  5. 139.   7. 137.  13. 131.  17. 127.  31. 113.  37. 107.  41. 103.
  43. 101.  47.  97.  61.  83.  71.  73.]
146 | [  7. 139.  19. 127.  37. 109.  43. 103.  67.  79.  73.  73.]
148 | [ 11. 137.  17. 131.  41. 107.  47. 101.  59.  89.]
150 | [ 11. 139.  13. 137.  19. 131.  23. 127.  37. 113.  41. 109.  43. 107.
  47. 103.  53.  97.  61.  89.  67.  83.  71.  79.]
152 | [  3. 149.  13. 139.  43. 109.  73.  79.]
154 | [  3. 151.   5. 149.  17. 137.  23. 131.  41. 113.  47. 107.  53. 101.
  71.  83.]
156 | [  5. 151.   7. 149.  17. 139.  19. 137.  29. 127.  43. 113.  47. 109.
  53. 103.  59.  97.  67.  89.  73.  83.]
158 | [  7. 151.  19. 139.  31. 127.  61.  97.  79.  79.]
160 | [  3. 157.  11. 149.  23. 137.  29. 131.  47. 113.  53. 107.  59. 101.
  71.  89.]
162 | [  5. 157.  11. 151.  13. 149.  23. 139.  31. 131.  53. 109.  59. 103.
  61. 101.  73.  89.  79.  83.]
164 | [  7. 157.  13. 151.  37. 127.  61. 103.  67.  97.]
166 | [  3. 163.  17. 149.  29. 137.  53. 113.  59. 107.  83.  83.]
168 | [  5. 163.  11. 157.  17. 151.  19. 149.  29. 139.  31. 137.  37. 131.
  41. 127.  59. 109.  61. 107.  67. 101.  71.  97.  79.  89.]
170 | [  3. 167.   7. 163.  13. 157.  19. 151.  31. 139.  43. 127.  61. 109.
  67. 103.  73.  97.]
172 | [  5. 167.  23. 149.  41. 131.  59. 113.  71. 101.  83.  89.]
174 | [  7. 167.  11. 163.  17. 157.  23. 151.  37. 137.  43. 131.  47. 127.
  61. 113.  67. 107.  71. 103.  73. 101.]
176 | [  3. 173.  13. 163.  19. 157.  37. 139.  67. 109.  73. 103.  79.  97.]
178 | [  5. 173.  11. 167.  29. 149.  41. 137.  47. 131.  71. 107.  89.  89.]
180 | [  7. 173.  13. 167.  17. 163.  23. 157.  29. 151.  31. 149.  41. 139.
  43. 137.  53. 127.  67. 113.  71. 109.  73. 107.  79. 101.  83.  97.]
182 | [  3. 179.  19. 163.  31. 151.  43. 139.  73. 109.  79. 103.]
184 | [  3. 181.   5. 179.  11. 173.  17. 167.  47. 137.  53. 131.  71. 113.
  83. 101.]
186 | [  5. 181.   7. 179.  13. 173.  19. 167.  23. 163.  29. 157.  37. 149.
  47. 139.  59. 127.  73. 113.  79. 107.  83. 103.  89.  97.]
188 | [  7. 181.  31. 157.  37. 151.  61. 127.  79. 109.]
190 | [ 11. 179.  17. 173.  23. 167.  41. 149.  53. 137.  59. 131.  83. 107.
  89. 101.]
192 | [ 11. 181.  13. 179.  19. 173.  29. 163.  41. 151.  43. 149.  53. 139.
  61. 131.  79. 113.  83. 109.  89. 103.]
194 | [  3. 191.  13. 181.  31. 163.  37. 157.  43. 151.  67. 127.  97.  97.]
196 | [  3. 193.   5. 191.  17. 179.  23. 173.  29. 167.  47. 149.  59. 137.
  83. 113.  89. 107.]
198 | [  5. 193.   7. 191.  17. 181.  19. 179.  31. 167.  41. 157.  47. 151.
  59. 139.  61. 137.  67. 131.  71. 127.  89. 109.  97. 101.]
