1
1
1
2
2
4
2
4
4
4
4
6
6
5
3
5
4
7
7
4
4
6
5
6
9
6
4
7
4
6
8
6
7
8
3
6
10
7
7
11
6
7
10
7
6
11
6
4
7
3
7
11
7
6
10
8
10
15
8
9
14
7
6
10
4
8
12
6
3
10
9
11
15
8
7
12
7
10
14
6
9
13
5
7
17
12
6
12
7
8
16
10
9
13
6
9
14
7
11
18
11
12
17
9
13
25
12
8
14
9
9
17
8
6
13
10
10
17
10
13
23
12
12
18
8
12
22
11
9
20
12
8
16
9
12
21
11
13
17
8
14
22
11
15
25
12
10
19
10
16
29
15
8
16
8
13
21
11
10
18
11
12
20
8
15
26
11
11
20
10
13
25
13
6
19
15
13
21
11
12
19
10
13
21
8
15
23
9
13
29
17
10
19
13
12
26
15
11
16
7
11
16
7
10
24
14
10
18
9
16
31
17
11
19
10
13
22
11
11
24
15
11
18
9
15
30
16
13
20
9
20
31
14
12
25
16
12
25
13
14
26
15
11
18
7
17
27
12
11
23
12
14
27
15
16
29
14
8
17
9
16
25
11
12
24
14
14
24
10
17
28
13
12
22
11
17
25
9
5
21
17
13
22
12
13
25
14
15
24
11
18
28
11
11
26
16
13
23
11
16
28
14
13
22
11
17
30
14
14
29
18
17
27
14
22
37
15
9
22
14
14
27
15
13
30
20
12
23
12
25
43
20
16
22
8
22
37
15
11
30
21
13
26
14
19
33
14
16
24
11
23
40
18
14
24
10
17
30
14
15
31
17
10
23
13
17
29
13
12
25
14
14
28
16
20
35
15
13
24
12
15
27
14
11
33
22
14
22
10
16
32
16
12
20
8
20
33
14
11
32
22
12
22
10
12
31
21
17
26
11
13
23
12
17
33
20
21
32
13
22
44
25
12
24
12
19
35
16
15
32
20
16
24
13
23
44
21
15
25
10
25
42
20
15
36
24
15
31
16
21
39
18
12
22
10
24
36
14
14
34
20
21
37
19
18
36
19
13
27
14
19
29
12
12
30
19
17
32
16
19
35
16
15
32
17
19
29
12
10
29
20
14
27
14
24
39
15
15
26
12
21
32
12
12
35
23
17
27
12
18
37
21
18
31
15
18
33
17
18
41
25
17
26
12
22
43
23
19
35
18
22
40
20
18
36
20
18
32
15
28
50
22
16
26
10
27
48
24
12
33
24
20
40
21
26
41
16
15
28
13
32
50
19
15
32
18
20
39
20
22
40
20
12
29
17
18
29
13
16
39
25
22
40
19
25
46
21
18
32
15
19
33
15
10
37
28
18
35
18
23
42
21
19
31
13
25
42
17
15
35
22
19
33
15
20
48
30
18
27
13
25
45
21
17
38
21
21
37
17
27
53
27
13
27
14
17
37
20
15
35
22
24
34
15
32
57
27
22
33
13
32
53
24
14
38
27
18
37
19
29
51
26
23
35
14
33
56
24
16
37
21
26
45
19
19
43
24
6
25
19
26
42
17
17
40
24
21
34
14
29
50
21
19
36
18
22
39
17
13
41
28
23
37
15
25
42
18
20
32
12
22
37
15
18
53
38
20
33
16
21
49
29
19
30
11
26
45
22
25
48
25
22
39
18
29
58
29
21
36
16
28
53
27
18
41
27
23
41
21
33
62
30
21
36
15
32
52
21
18
47
29
22
41
20
27
49
22
21
34
14
33
48
15
18
42
25
25
44
21
23
53
31
18
34
16
30
46
18
13
35
22
27
46
21
25
52
27
19
38
19
27
41
16
13
40
29
27
43
19
30
48
22
26
46
22
33
56
24
21
55
35
20
34
16
28
61
33
22
37
17
26
47
22
21
50
32
25
43
20
35
63
28
18
40
22
27
52
25
17
40
26
22
39
19
37
67
31
23
40
19
37
60
25
18
46
30
19
44
26
35
59
24
23
38
16
36
55
20
18
49
32
25
52
30
27
55
28
15
36
21
28
44
17
17
38
24
31
52
23
29
62
33
27
49
23
24
43
20
13
46
33
18
38
21
27
52
25
27
43
17
26
47
21
24
60
37
18
36
18
27
61
34
17
32
16
31
50
22
26
54
32
25
46
23
32
75
44
24
51
27
26
51
26
22
47
26
24
46
23
36
66
30
22
40
18
31
51
22
25
57
34
19
45
26
31
62
33
22
33
13
34
53
19
18
47
29
28
54
27
32
63
32
22
39
17
30
46
17
14
38
27
32
53
24
29
58
29
29
52
24
29
48
20
18
58
42
25
44
21
33
63
33
31
51
20
34
59
25
23
65
43
19
39
23
35
72
38
22
35
13
34
54
22
29
63
38
23
48
27
39
75
39
28
52
24
36
63
29
27
52
27
26
51
27
44
76
34
29
46
19
43
72
32
27
61
36
24
56
33
33
65
32
25
43
19
40
62
22
24
56
32
34
65
34
33
65
32
22
43
21
32
52
20
19
52
35
27
52
26
31
68
37
29
52
24
28
47
19
23
58
37
32
57
28
33
60
27
35
54
20
36
64
28
30
65
37
21
42
24
39
81
42
26
48
23
33
59
27
25
61
38
21
46
27
46
93
49
32
52
22
36
65
29
24
58
34
25
49
25
42
82
42
30
49
21
41
75
36
20
55
36
23
53
30
39
72
33
28
50
23
47
71
27
21
51
32
36
67
33
32
66
35
24
51
27
37
61
25
24
64
41
29
50
22
36
69
33
32
55
23
40
66
28
28
72
45
25
47
22
36
66
33
34
53
19
36
62
27
26
67
43
24
51
27
37
77
40
29
49
20
33
55
22
31
62
32
24
50
26
42
83
41
25
47
23
41
68
28
25
54
29
26
52
28
45
87
44
29
44
19
37
61
25
18
50
32
30
67
37
38
73
38
29
48
19
43
63
22
31
61
32
30
63
35
31
69
39
27
55
28
37
63
28
18
50
32
31
53
23
38
67
31
30
49
19
42
68
27
23
66
45
29
51
25
38
64
26
31
53
23
35
61
27
28
72
47
26
50
27
42
85
44
34
61
27
33
58
28
35
73
40
25
51
27
58
101
45
29
53
26
40
72
33
25
65
40
24
58
36
51
91
40
23
41
18
54
89
36
16
50
35
30
62
32
41
75
36
29
52
25
40
65
28
32
75
45
37
71
34
33
76
44
29
52
23
38
65
27
29
69
42
30
54
25
39
78
39
34
63
32
46
73
29
19
62
43
27
53
26
37
72
36
37
69
32
42
65
24
32
78
47
39
68
32
42
86
45
29
56
27
37
60
24
38
75
38
24
49
25
50
91
42
25
53
28
39
67
28
27
63
38
29
57
31
53
92
41
37
50
17
49
79
30
24
63
39
28
62
34
41
76
37
23
44
23
44
73
30
29
64
35
33
68
37
37
71
34
30
61
31
50
77
29
26
62
36
33
53
21
44
78
34
33
64
32
35
61
27
25
74
49
29
49
22
34
69
36
34
66
32
45
74
29
32
71
39
27
52
26
38
80
44
30
54
26
37
60
23
27
60
34
25
53
28
51
101
50
28
51
23
43
76
33
27
67
43
31
58
29
47
88
41
23
47
25
53
83
32
27
70
43
27
54
28
42
79
38
27
49
24
48
70
24
30
71
41
38
72
35
44
74
32
21
48
27
45
71
28
28
64
40
31
62
33
41
75
34
37
74
38
40
67
27
25
66
41
32
55
23
38
78
42
42
70
30
39
71
33
39
89
51
29
56
29
40
93
55
28
52
28
34
64
30
28
71
45
29
54
25
61
111
52
38
72
36
45
81
38
27
68
43
27
50
23
55
96
43
30
55
29
54
99
45
31
78
48
28
59
32
44
87
43
21
47
26
65
104
39
31
68
38
36
65
31
43
83
41
30
65
35
41
69
31
27
69
46
37
66
31
46
93
47
37
69
32
43
74
32
36
90
54
35
55
21
43
83
40
34
63
30
50
78
29
34
79
47
33
67
37
46
111
67
35
60
27
45
73
29
36
79
45
44
77
35
64
127
63
32
64
35
33
65
34
42
88
48
29
59
31
61
110
49
28
58
30
59
105
47
31
77
48
31
67
37
47
92
45
34
61
28
60
92
33
33
74
42
36
75
39
39
83
45
32
73
41
42
72
32
34
79
48
43
76
33
47
94
47
40
79
40
45
77
34
32
91
59
29
54
26
55
103
49
37
68
31
46
79
34
37
101
65
35
68
36
44
96
52
32
61
31
56
89
34
30
74
46
40
72
34
53
111
59
33
65
32
38
68
30
30
80
52
25
58
34
58
110
52
28
48
20
66
108
44
37
91
56
32
69
38
50
93
43
30
57
27
62
98
39
27
70
45
41
82
44
47
95
48
38
80
42
45
81
38
24
71
47
44
84
41
47
84
39
38
75
37
48
77
31
32
83
53
33
67
37
50
96
48
39
74
37
52
81
29
40
93
55
38
66
28
55
113
58
35
69
34
44
75
32
43
93
50
34
67
33
55
113
59
30
57
29
48
96
50
38
86
51
38
74
37
63
105
44
40
68
30
72
112
41
27
79
52
31
70
39
54
90
38
36
62
30
60
95
36
33
80
47
38
73
36
49
105
57
36
75
39
53
90
39
33
76
45
42
77
36
53
104
51
47
87
41
47
83
36
30
91
63
37
77
43
53
106
54
44
73
29
54
89
35
42
108
69
39
71
36
51
113
62
33
61
30
58
91
34
47
94
47
36
69
33
61
126
65
28
55
28
50
92
43
45
96
53
38
70
36
66
111
47
39
71
34
64
104
42
36
88
54
33
79
47
50
95
49
42
78
38
69
112
45
46
96
52
53
94
44
59
124
66
34
73
39
57
87
31
29
77
48
48
92
44
55
102
47
40
83
43
55
94
40
33
99
68
45
79
36
56
114
59
51
90
39
55
82
28
44
115
72
30
67
38
53
115
62
38
69
31
48
89
42
47
111
65
37
73
36
72
124
53
32
64
32
69
120
53
39
84
47
30
68
38
67
114
47
43
72
30
62
110
50
24
77
54
37
90
54
55
104
49
40
68
30
69
107
40
46
100
56
45
86
42
55
106
51
34
66
32
67
104
38
28
75
50
60
105
48
55
103
48
45
84
41
51
90
39
32
99
69
49
92
45
55
106
51
46
81
36
52
85
34
55
120
65
31
68
38
63
132
69
34
68
35
49
86
38
47
100
54
36
71
35
71
138
69
36
71
36
50
89
39
37
81
46
40
79
42
66
121
57
44
79
37
67
122
56
34
89
56
39
90
52
65
121
59
46
79
33
77
117
41
39
90
51
43
93
51
54
105
51
33
67
34
59
93
36
39
92
55
54
96
44
59
112
53
46
91
45
59
101
43
37
104
67
42
75
36
47
95
48
49
90
41
51
85
34
48
127
82
40
88
51
52
114
64
44
71
29
62
96
34
52
115
65
42
80
38
71
137
66
44
82
39
59
108
49
33
86
53
37
71
34
64
135
71
38
71
34
67
111
45
41
96
56
45
96
51
56
96
41
41
72
31
70
112
42
37
84
48
48
96
49
48
104
57
36
81
45
63
101
40
34
94
63
48
88
41
63
123
60
51
92
42
51
87
37
45
110
67
50
84
37
58
119
61
43
89
46
63
103
41
49
120
72
33
72
41
48
107
61
53
95
44
53
92
41
51
113
64
43
83
40
76
138
63
43
77
34
51
101
51
39
101
62
39
76
38
83
144
61
39
67
28
79
134
57
34
90
57
37
87
50
68
118
54
49
84
37
75
122
48
39
93
55
48
101
54
46
106
60
41
86
45
62
102
40
46
108
63
49
88
40
59
119
60
45
92
47
53
93
42
33
97
64
49
88
42
48
103
56
42
84
42
67
100
34
51
114
63
40
78
39
51
116
65
40
76
36
54
89
38
53
109
59
43
87
44
74
156
82
37
83
46
47
94
48
38
87
49
36
69
34
87
150
65
44
68
26
74
120
46
29
83
55
52
113
62
59
111
53
38
72
36
72
113
41
36
94
59
48
96
49
63
130
67
43
94
51
59
86
29
38
96
58
47
80
33
68
123
55
40
82
44
55
100
46
40
111
72
49
93
45
53
107
55
47
92
45
68
106
39
41
101
63
41
79
42
59
125
66
50
78
29
60
98
41
48
107
61
48
100
53
75
142
69
43
75
32
56
113
58
43
103
62
40
73
36
74
128
54
43
78
35
80
121
43
38
100
65
47
96
49
65
127
64
48
81
35
81
120
41
45
108
63
59
122
63
65
127
62
41
86
45
59
98
40
47
101
55
52
100
50
66
121
57
50
101
52
62
105
44
35
98
63
44
81
39
70
137
67
53
94
41
55
94
39
49
118
70
43
81
38
53
134
83
45
85
42
56
100
47
52
117
69
44
85
43
82
158
77
44
88
44
61
112
51
40
95
56
44
85
43
90
157
67
41
78
38
80
135
56
36
113
78
44
94
50
65
113
48
44
77
33
75
120
48
50
103
55
63
121
59
55
119
64
45
93
48
64
105
41
38
98
60
46
92
48
55
109
54
54
109
56
68
114
47
39
111
73
50
92
43
53
114
61
56
102
47
69
110
42
41
114
73
43
87
46
72
169
99
42
76
36
57
91
36
45
107
64
52
105
55
77
153
78
44
88
46
60
109
49
50
106
57
46
85
40
83
139
56
48
96
48
76
128
52
39
102
65
49
100
51
80
146
69
45
79
34
72
119
47
49
101
53
59
123
64
59
119
60
36
79
43
69
116
48
36
94
59
52
88
36
67
122
57
66
122
56
61
100
41
44
125
81
44
87
43
62
127
66
43
85
42
69
113
45
43
123
82
42
90
49
66
138
72
37
66
29
67
108
42
52
116
65
50
96
47
76
151
77
48
86
40
64
119
56
47
114
67
39
80
42
87
149
62
47
79
33
77
128
53
51
113
64
46
96
51
64
123
59
47
82
36
95
148
53
38
87
50
54
103
50
54
115
61
39
85
46
65
105
40
34
83
51
60
111
54
62
120
58
65
117
53
61
109
50
48
124
76
44
89
46
69
133
66
54
104
50
66
110
45
49
127
79
45
92
48
75
164
91
37
75
40
65
104
40
49
130
82
51
91
40
74
147
75
48
91
45
67
126
60
47
107
61
55
95
41
90
154
65
50
87
39
74
126
53
42
105
64
42
88
47
84
148
66
44
78
36
89
135
47
40
102
63
63
120
58
57
120
64
51
108
57
79
127
49
35
93
58
51
94
43
59
119
60
59
114
56
54
95
42
40
123
83
41
83
42
68
121
55
52
93
43
75
118
43
65
149
84
46
92
48
63
142
79
42
83
42
65
107
43
55
132
77
45
81
38
81
173
92
47
86
41
62
110
49
51
118
67
55
101
47
73
135
62
38
75
37
86
140
57
42
105
65
49
99
51
63
125
64
47
99
54
81
128
49
45
109
64
60
111
51
67
133
69
45
98
53
70
114
45
35
95
60
68
112
45
68
134
66
49
99
50
60
109
50
36
111
75
46
92
47
64
123
63
56
104
50
77
124
47
55
137
83
44
87
44
69
139
72
40
84
46
67
116
51
63
148
87
48
94
47
89
169
83
43
89
46
75
154
79
45
103
60
48
89
43
78
142
64
41
81
40
86
145
61
44
108
66
38
90
52
66
125
63
51
97
48
89
143
56
50
123
75
66
118
53
66
135
69
45
97
52
79
130
51
37
94
60
67
114
50
73
146
73
51
105
55
65
114
49
41
119
79
60
109
50
70
135
67
59
108
51
76
130
54
62
164
103
51
94
43
69
169
101
41
86
45
64
111
49
67
132
66
50
90
42
101
194
93
47
90
45
73
144
71
51
110
61
63
110
49
89
152
65
45
91
48
93
166
75
46
107
62
43
101
59
64
137
73
49
93
45
82
132
52
53
116
63
62
109
48
89
171
83
44
98
54
83
134
52
39
112
73
60
101
43
72
138
66
51
105
56
81
127
47
44
127
83
60
108
49
66
122
59
62
113
51
66
111
45
57
153
96
52
105
54
74
158
85
48
80
34
72
117
46
58
133
77
61
104
45
100
179
79
47
98
51
77
130
54
44
103
59
54
103
52
75
149
74
55
107
52
96
149
54
50
125
76
49
108
60
65
127
62
44
88
44
82
127
48
52
116
66
59
122
64
77
146
70
41
100
59
77
127
51
46
106
62
61
111
51
84
151
67
50
105
55
65
113
48
48
137
89
52
93
42
59
118
59
56
110
54
68
123
56
55
147
94
58
111
55
73
149
76
53
102
50
69
114
47
53
121
70
55
95
42
99
183
86
46
95
51
80
141
61
48
120
72
51
92
42
102
173
71
49
94
45
102
172
70
36
100
65
45
102
57
82
159
77
45
89
45
78
122
45
46
111
65
61
131
71
67
132
65
46
108
62
67
118
52
49
120
73
74
109
37
66
136
70
58
110
52
79
128
51
53
144
93
46
90
46
69
147
79
55
99
44
66
120
55
63
156
94
58
118
61
77
152
76
44
87
45
82
126
46
69
148
81
51
89
40
71
160
91
56
115
61
71
127
56
55
123
70
58
102
45
102
199
99
47
86
41
94
156
62
51
116
67
60
120
60
87
163
76
50
97
48
85
135
50
50
123
73
67
121
58
75
148
74
55
129
74
71
122
51
47
116
69
63
112
51
78
149
71
62
127
66
70
114
46
50
150
100
47
92
49
71
137
66
59
109
50
89
138
50
55
146
93
57
106
49
77
155
78
54
103
50
85
143
58
61
140
82
53
102
51
87
177
90
52
98
46
79
143
64
55
146
91
54
101
49
88
164
76
48
91
43
102
160
58
44
125
82
54
122
69
77
155
79
42
86
46
85
130
46
51
116
65
76
145
70
62
119
59
51
115
64
76
131
56
59
137
81
57
110
56
80
145
65
60
129
69
67
119
53
49
125
77
48
96
48
78
153
76
62
102
40
82
127
46
67
146
81
59
103
44
71
153
84
57
115
60
70
124
54
61
143
83
51
86
35
95
190
95
50
104
54
80
143
63
50
117
68
49
92
45
108
185
79
43
85
44
90
159
70
38
118
80
54
119
65
75
134
62
48
90
42
97
148
51
65
135
71
61
119
59
73
142
70
61
116
55
69
119
51
43
117
76
65
120
58
75
143
70
61
117
57
79
130
52
51
149
99
58
104
47
71
147
76
62
106
44
91
133
42
67
160
94
50
94
44
72
171
99
49
92
44
77
126
51
73
152
79
58
104
49
106
201
95
48
98
51
67
117
50
59
133
74
44
95
52
85
160
77
43
95
54
82
144
64
54
122
71
62
125
64
79
164
85
48
93
47
98
147
49
67
140
74
68
128
62
81
156
75
57
115
58
66
126
63
52
128
79
69
115
46
76
146
70
65
130
68
80
130
51
54
148
94
51
105
55
79
155
76
65
119
54
77
125
48
67
170
104
51
102
52
75
167
93
43
91
48
80
137
58
52
124
74
54
102
50
111
195
84
54
101
47
76
137
61
50
125
75
52
106
56
84
160
78
56
108
56
91
154
63
61
159
100
47
98
51
77
147
72
45
95
51
103
164
62
57
131
74
59
119
62
73
155
82
47
106
59
92
152
61
46
114
68
68
125
58
68
127
61
54
125
72
81
136
56
61
150
91
55
102
52
72
143
71
66
133
67
77
126
49
79
176
98
46
95
50
86
186
100
53
105
53
67
115
48
53
122
71
66
113
49
89
183
95
49
98
49
66
123
57
52
116
67
55
107
54
104
193
89
54
103
50
96
159
64
54
138
84
48
110
63
82
157
76
51
98
49
84
139
57
56
129
73
74
137
65
77
158
82
51
114
63
92
143
52
47
112
66
63
112
50
70
138
68
73
147
75
89
141
54
51
139
89
45
102
58
70
149
79
62
109
48
79
129
50
75
177
102
51
97
48
84
175
91
49
96
47
71
124
53
70
152
84
54
109
55
87
191
106
52
108
58
80
139
60
53
139
88
61
110
53
91
168
78
62
108
46
93
155
64
68
138
73
55
121
66
84
165
81
47
106
59
102
159
58
56
121
66
60
123
63
94
186
92
49
115
66
76
127
51
53
132
80
78
130
54
77
153
76
69
135
67
80
142
63
54
142
88
51
102
54
90
169
81
77
139
64
75
122
47
58
155
97
53
111
58
87
181
96
56
108
54
78
135
60
67
154
89
52
102
50
96
193
98
54
112
60
90
170
82
74
157
85
52
97
46
106
190
85
57
105
48
93
164
72
44
128
84
48
119
71
74
147
73
53
101
51
116
178
62
59
146
88
73
133
61
74
157
83
46
114
68
87
135
49
52
128
78
64
116
52
71
162
91
66
133
68
74
135
63
53
146
93
68
122
55
91
166
75
62
119
58
71
117
47
74
171
97
64
122
60
82
188
107
55
115
60
71
116
46
58
136
79
53
99
46
109
220
113
60
120
62
81
148
67
61
136
76
54
104
50
96
174
78
49
89
42
105
181
79
50
119
71
56
121
66
77
149
74
52
120
68
103
147
45
56
130
74
74
145
73
82
160
78
46
127
81
78
134
59
53
158
107
68
119
52
86
164
78
61
129
68
85
142
58
44
137
94
67
129
62
89
162
73
66
124
59
81
118
38
58
148
91
58
112
55
84
183
101
68
117
51
76
133
59
81
173
96
62
116
58
97
191
94
59
118
59
96
174
80
52
127
78
66
124
59
92
185
94
59
109
50
111
175
65
49
131
83
66
140
74
83
164
81
64
111
48
121
189
69
60
127
67
61
123
63
83
172
90
52
126
74
84
145
63
60
134
74
70
117
47
115
206
91
76
143
69
78
133
55
51
150
100
76
136
60
78
151
75
69
123
55
79
143
64
65
177
113
54
101
49
87
184
99
60
114
56
73
127
54
76
161
86
61
110
50
123
229
106
57
112
56
100
186
86
49
135
88
55
102
49
115
199
85
49
109
60
100
174
75
53
134
81
59
124
65
83
160
79
77
132
57
102
160
58
55
139
85
67
140
75
79
183
105
59
130
71
86
139
53
49
137
90
70
119
51
86
175
89
65
129
65
92
143
53
61
161
100
71
125
55
77
163
86
73
127
55
87
143
57
73
183
110
61
112
53
78
181
104
54
106
52
83
135
53
79
171
94
58
106
52
99
200
101
57
125
69
92
167
75
61
145
86
59
117
58
119
212
93
56
107
52
100
161
62
69
163
94
57
128
72
78
163
87
54
108
58
104
172
69
58
132
74
69
131
63
89
192
103
59
137
78
81
128
48
42
126
85
82
140
58
92
175
83
64
138
74
74
131
57
43
169
128
65
125
62
86
164
80
68
126
58
107
181
74
78
170
94
56
111
59
82
177
95
52
108
56
84
155
72
66
151
87
55
110
57
97
203
107
54
117
63
88
160
74
74
175
103
62
116
56
100
177
77
65
117
53
123
196
73
54
139
85
54
117
64
98
197
101
57
115
60
111
176
66
60
135
75
72
165
95
92
174
83
58
120
62
86
143
59
63
140
77
69
127
59
91
183
94
68
148
80
77
135
59
65
173
108
74
124
51
85
171
86
75
132
57
90
160
70
77
186
111
62
108
47
84
179
96
60
118
58
96
150
57
80
167
89
59
105
46
111
232
122
67
142
75
91
170
81
72
155
85
60
115
56
127
221
94
57
114
58
111
178
69
55
146
94
64
131
68
99
185
86
58
112
54
125
186
62
52
134
82
95
172
78
81
173
92
71
137
66
82
143
62
48
136
88
79
144
66
81
165
84
69
140
71
79
131
52
64
184
122
70
129
62
87
169
82
69
128
59
118
182
64
69
170
104
63
119
61
88
209
121
63
130
67
81
129
49
86
184
99
74
138
64
102
203
103
69
133
66
87
155
68
74
154
81
62
128
66
116
209
95
63
124
63
118
188
70
52
129
77
59
134
75
99
187
91
59
118
59
111
176
66
58
145
87
89
153
64
75
161
87
54
126
72
95
161
68
69
172
104
73
132
60
81
157
76
81
161
80
90
139
51
55
161
106
61
120
60
95
179
84
72
136
65
89
153
65
74
194
122
61
119
58
98
201
103
59
111
52
92
161
71
75
161
86
59
113
54
102
218
118
65
130
67
87
156
69
67
156
90
58
120
64
112
204
93
55
107
52
107
177
70
55
158
104
59
138
79
95
177
82
57
111
55
114
177
64
60
148
88
81
149
69
79
176
98
56
120
64
116
182
66
62
147
85
76
137
61
84
158
74
72
149
80
94
152
59
71
182
112
58
113
56
77
160
85
68
147
81
89
152
64
75
188
113
67
117
53
103
224
123
68
120
54
91
160
69
85
171
87
75
127
53
120
248
128
58
124
66
86
159
73
61
138
79
66
131
67
130
231
102
60
111
53
111
188
78
53
141
88
71
147
77
101
188
88
52
111
59
95
146
52
73
187
115
65
131
69
91
170
79
54
130
76
103
174
71
58
140
83
73
128
55
95
179
86
73
143
70
91
145
55
61
183
124
61
128
69
82
170
90
86
154
70
91
156
65
93
209
118
67
124
58
91
210
119
58
116
58
91
147
56
83
177
97
64
119
57
124
249
125
64
123
60
92
161
69
58
143
85
83
155
73
104
196
94
58
116
60
109
181
74
76
176
103
56
137
81
87
172
85
51
114
63
104
162
59
70
169
99
75
139
65
104
211
107
54
129
75
102
165
63
65
153
88
87
137
52
93
177
84
78
161
84
77
147
72
68
179
111
65
120
56
79
161
85
99
178
79
89
154
66
71
175
104
61
120
62
105
224
119
63
129
69
98
167
71
68
167
99
56
117
62
111
213
102
69
135
66
109
191
84
74
156
84
68
124
56
119
208
90
63
120
57
103
176
73
62
168
107
59
138
80
95
180
86
59
114
55
113
178
66
70
159
89
78
150
73
81
173
92
57
135
78
106
159
54
52
133
83
80
142
62
95
185
90
73
153
80
84
139
57
73
186
113
75
137
65
89
188
101
74
138
66
101
156
56
85
198
114
59
117
58
93
202
110
70
137
67
87
153
67
68
150
82
69
136
67
130
256
128
66
128
64
97
174
77
67
160
93
62
123
61
110
205
96
47
104
57
134
229
96
63
144
83
57
121
64
94
177
83
53
127
74
126
189
65
66
159
93
76
138
63
94
168
74
56
139
83
90
151
61
57
157
101
83
135
52
87
164
77
75
148
73
98
169
73
67
174
107
60
124
65
93
183
94
84
158
76
85
145
60
78
197
121
67
128
63
95
215
120
62
124
65
96
154
58
87
198
112
72
126
54
120
231
113
68
130
62
95
174
79
73
181
110
65
126
64
98
203
106
63
129
66
119
199
81
68
151
84
66
150
85
97
181
84
55
112
58
126
190
67
77
159
84
68
132
65
88
174
86
65
162
97
94
154
60
64
149
87
73
131
58
100
206
106
68
146
78
94
160
67
61
176
116
63
116
54
84
167
84
87
160
73
88
153
65
72
195
125
75
132
58
103
208
107
75
146
73
98
159
61
72
181
110
60
109
50
135
259
126
51
110
61
100
177
78
74
181
108
61
120
59
114
208
94
67
143
76
137
229
94
62
145
83
60
131
71
98
179
81
66
135
69
115
173
61
60
142
84
86
167
82
87
181
94
67
140
73
104
159
57
67
168
103
86
141
55
98
196
98
80
169
89
97
159
64
64
185
123
65
126
64
99
210
112
77
152
75
99
158
59
91
213
122
82
150
69
101
219
119
59
120
61
98
157
62
101
197
98
64
126
62
133
245
114
46
119
73
90
167
77
68
161
94
69
139
71
130
241
111
67
123
57
137
221
84
70
151
82
71
148
77
97
193
98
68
129
63
109
177
70
64
144
82
82
151
72
90
196
107
72
145
73
109
176
69
60
158
98
78
139
62
116
204
88
76
162
87
106
181
75
56
184
128
71
128
58
89
176
88
82
151
69
116
185
69
83
206
125
77
139
62
100
220
120
72
115
43
89
156
67
95
184
92
61
134
75
114
228
114
60
125
68
114
203
90
71
178
107
60
115
57
112
199
87
67
135
69
138
221
83
63
159
98
74
156
82
93
202
109
68
128
61
120
183
64
68
166
98
77
161
85
109
218
110
57
131
74
101
164
65
73
157
85
82
143
62
101
203
102
73
167
95
104
172
69
68
177
110
75
136
61
106
216
114
86
160
76
91
150
60
93
222
130
73
132
59
95
210
116
57
119
62
97
182
86
88
187
100
63
123
61
113
218
107
75
157
83
99
191
94
70
156
88
66
127
62
126
214
88
58
120
62
126
210
86
63
185
123
73
156
84
94
193
100
63
129
66
132
197
66
66
154
88
84
162
78
98
198
101
73
154
81
96
157
62
47
143
97
89
170
82
102
183
83
81
167
87
101
167
66
68
206
138
70
124
56
108
207
99
68
131
63
105
168
64
101
221
121
71
130
59
86
211
125
69
134
66
97
167
71
81
183
102
72
139
68
119
225
107
54
133
79
89
167
80
81
162
83
69
142
74
116
208
92
71
131
61
122
207
85
63
156
94
70
150
80
113
233
120
55
119
64
128
193
65
74
165
91
79
170
93
88
183
98
62
133
71
92
158
68
56
154
100
98
162
67
103
202
99
83
166
83
93
148
56
67
186
119
69
139
71
119
213
95
72
134
62
109
187
79
86
222
137
67
136
71
97
217
120
70
138
68
116
194
80
75
169
98
68
126
60
122
247
125
79
147
68
85
168
83
66
168
104
69
140
72
125
227
103
67
125
58
122
201
79
69
184
116
68
139
71
105
198
93
57
118
61
146
222
76
66
160
95
84
163
83
106
220
115
69
149
80
99
162
64
54
153
100
93
163
70
102
187
87
73
155
82
96
157
63
85
219
134
71
134
65
89
195
106
74
155
82
101
166
66
88
213
127
68
130
62
94
226
132
69
144
75
103
170
67
71
161
92
83
150
69
115
229
115
66
133
67
101
193
93
71
168
97
68
134
67
134
251
118
73
136
63
122
194
73
59
153
94
72
160
88
98
183
85
62
134
73
133
193
61
57
148
91
82
158
78
105
203
100
66
159
93
111
171
62
65
179
116
87
156
71
100
191
91
86
162
76
96
170
74
67
186
120
54
129
75
92
178
88
81
152
72
114
181
67
108
242
136
66
121
59
91
206
115
75
144
70
105
174
71
79
190
111
75
134
59
107
254
147
52
116
65
103
186
84
66
159
94
79
154
76
134
218
85
70
129
59
117
192
76
69
166
98
66
147
81
105
202
98
64
133
69
110
170
60
71
158
88
89
167
81
119
230
111
66
141
75
100
159
60
68
170
102
97
166
70
102
189
89
81
174
93
113
182
70
66
181
116
63
123
62
99
188
89
91
172
82
105
171
67
79
198
119
58
122
65
104
219
116
68
135
67
97
172
76
79
191
113
61
123
62
126
243
118
59
126
69
116
209
93
67
160
93
60
126
67
127
223
98
75
131
58
123
206
86
64
161
100
85
172
87
110
210
102
70
131
63
109
173
66
83
200
119
90
174
85
100
196
98
62
139
77
109
172
64
80
177
99
108
175
70
100
209
109
84
168
84
109
170
62
79
199
120
82
151
70
102
199
98
98
173
75
97
155
59
93
209
116
59
133
74
114
262
150
60
143
85
86
150
65
93
188
95
62
122
60
145
292
148
65
132
67
109
197
88
64
152
91
76
155
82
127
221
94
69
130
63
106
191
87
78
193
118
71
153
83
116
225
111
67
135
69
119
178
61
86
202
118
86
169
83
119
212
93
66
158
92
118
183
65
70
187
119
99
173
74
104
191
87
90
187
97
107
178
71
65
173
110
68
135
69
99
202
105
98
169
73
107
178
71
87
217
130
70
150
82
114
255
141
66
124
58
95
157
63
87
210
124
73
137
64
129
253
124
75
149
75
112
189
79
68
163
98
75
151
76
138
252
114
71
133
62
134
215
82
68
178
110
80
175
95
96
185
89
70
132
62
131
211
80
85
178
94
80
169
91
108
213
106
57
147
90
115
182
67
77
178
103
85
157
72
106
212
106
97
179
82
96
166
71
67
184
118
95
150
55
92
201
109
84
158
75
93
164
71
88
215
127
66
135
70
126
252
128
72
142
74
109
166
57
87
196
109
76
131
55
157
279
122
64
142
79
100
184
84
59
166
108
62
133
72
136
236
100
70
133
63
122
216
96
89
188
102
73
154
81
104
200
96
79
142
64
138
222
85
72
157
85
86
175
89
100
204
105
70
157
87
117
199
82
75
187
114
93
152
61
97
195
98
86
172
87
108
170
64
82
216
134
74
141
71
119
251
132
80
140
61
120
198
79
80
215
137
75
150
77
99
221
122
70
138
69
99
167
68
102
211
109
72
139
68
135
254
120
66
146
80
105
181
76
87
187
101
73
150
77
159
285
127
62
128
66
121
211
90
71
165
96
78
165
88
91
202
113
80
147
69
132
214
85
72
176
106
82
160
78
102
207
105
88
198
110
109
170
63
68
164
98
86
156
70
108
210
102
83
185
104
104
170
67
70
225
157
78
144
69
110
207
98
78
152
74
129
209
80
92
223
133
74
154
82
109
229
121
81
148
67
98
164
66
88
215
128
71
139
68
130
254
127
71
143
72
117
202
85
93
205
114
72
143
72
126
228
102
71
125
55
155
260
107
59
153
95
69
172
104
105
221
117
65
141
76
124
188
66
79
176
97
97
188
93
115
231
116
73
162
89
120
185
66
73
163
90
86
157
72
127
235
108
85
179
95
102
169
69
73
193
120
74
150
77
118
225
107
88
165
78
104
177
73
80
205
127
96
154
60
114
245
132
76
152
76
104
195
93
97
202
106
70
137
67
146
264
118
78
151
75
101
194
93
69
161
93
77
154
78
148
256
109
69
129
60
152
230
80
79
186
108
66
164
98
102
203
102
72
148
78
146
223
77
77
171
95
83
184
101
93
201
108
77
174
97
110
172
62
69
170
103
86
168
82
116
210
94
81
158
78
99
156
57
82
221
139
81
147
67
100
218
118
96
169
74
113
176
63
84
215
133
78
151
74
122
259
137
77
148
74
88
165
78
105
205
101
71
145
74
121
234
115
70
134
65
125
225
101
82
179
99
73
141
70
122
218
97
68
140
72
134
234
101
77
179
102
65
155
91
119
223
106
78
141
63
136
198
63
80
196
117
93
183
91
109
222
113
71
154
83
103
180
78
75
171
97
86
157
72
112
211
99
98
190
93
99
170
71
69
192
123
82
143
63
114
224
112
93
173
82
101
174
74
85
238
155
81
145
66
122
262
141
72
142
70
113
208
96
100
196
97
68
133
66
127
251
126
85
156
73
116
199
83
81
188
107
68
134
67
120
227
109
89
163
76
143
241
98
78
198
122
69
151
83
115
232
117
65
129
65
150
226
77
75
191
116
83
180
98
112
227
115
68
160
92
115
185
71
73
181
108
96
170
76
105
202
97
87
185
99
99
157
59
80
214
135
75
140
66
107
218
111
92
184
92
95
166
71
107
239
134
82
151
69
125
273
148
68
138
73
98
174
76
86
185
100
83
143
60
126
253
127
64
144
81
114
222
109
71
176
105
75
149
75
134
237
104
90
169
79
143
226
85
64
164
102
67
155
88
134
253
119
71
137
67
138
213
76
69
182
113
95
192
98
106
211
106
78
164
86
130
207
79
72
176
108
96
172
78
99
204
105
91
177
87
96
163
69
82
217
135
65
145
82
116
227
111
94
169
75
113
190
77
103
262
159
77
141
64
109
240
131
75
135
60
135
214
82
91
197
110
81
155
76
121
252
132
90
169
81
114
199
86
71
183
113
80
167
88
148
264
116
67
127
60
142
241
101
80
186
107
77
163
87
144
260
117
69
137
68
139
213
75
80
178
99
109
209
100
111
224
113
80
174
94
101
174
73
68
183
115
95
160
66
100
221
121
93
193
100
105
189
86
81
210
131
74
147
75
102
198
98
97
174
78
129
206
78
96
228
133
74
135
63
125
254
129
74
151
77
115
186
72
102
231
129
65
136
71
135
275
141
77
153
76
122
222
102
72
182
112
81
149
68
145
261
116
89
167
79
121
203
83
70
189
120
80
191
111
125
228
105
67
143
76
137
199
62
91
198
108
101
187
86
107
210
103
70
161
91
113
183
73
66
186
124
110
199
92
111
235
124
92
174
82
102
184
84
81
212
132
89
180
92
111
224
113
94
173
80
130
197
67
102
232
131
70
144
74
106
227
123
90
181
93
122
203
81
98
198
100
69
149
80
160
319
159
74
137
65
119
218
99
81
187
109
87
160
76
147
256
109
71
135
64
130
221
91
68
187
120
74
172
99
108
201
95
89
169
82
154
221
67
82
193
111
91
180
91
113
216
103
74
174
100
117
193
77
62
186
125
95
179
84
119
222
103
87
173
86
124
220
97
89
223
134
71
140
69
113
218
106
101
172
71
119
186
67
98
252
155
79
150
72
110
242
133
89
153
64
110
179
71
106
227
123
74
150
77
153
308
155
67
138
72
124
221
97
71
177
106
78
159
81
116
238
122
85
157
73
153
242
91
79
186
108
83
181
99
110
201
93
73
139
66
135
212
80
113
229
118
87
180
95
115
233
118
72
168
96
106
186
82
79
199
121
111
180
70
121
245
124
86
174
88
124
200
76
72
210
138
92
165
74
109
217
109
94
181
87
114
188
74
91
225
135
77
148
72
125
279
154
91
173
83
97
162
66
94
205
112
71
134
65
184
337
153
70
148
78
98
183
85
67
190
125
76
161
85
141
238
98
91
166
75
151
244
95
70
184
116
77
172
95
116
229
115
86
157
73
129
210
83
80
188
108
83
187
105
106
220
114
80
169
89
124
207
85
92
219
129
103
172
71
108
230
122
94
190
96
136
206
70
83
234
151
85
161
77
100
218
118
109
191
83
110
188
79
100
249
149
93
174
83
126
261
135
71
134
65
108
172
64
94
198
105
76
167
91
149
298
149
69
145
76
107
185
79
76
177
101
81
153
73
152
277
127
87
158
73
133
218
85
75
188
114
78
172
94
108
206
100
84
149
65
144
240
97
77
189
112
100
187
89
118
225
108
87
190
103
129
190
63
78
200
124
104
177
73
121
226
105
95
200
106
125
208
85
78
227
150
85
159
75
124
233
109
86
162
76
132
223
91
87
213
127
85
161
76
118
255
139
96
164
70
95
177
83
85
208
124
88
167
79
136
265
129
86
155
70
121
221
101
90
213
125
80
161
84
143
249
106
67
135
69
169
270
102
79
201
123
75
175
100
115
236
121
71
141
72
159
231
73
77
181
104
102
213
112
108
216
109
62
158
96
124
205
82
79
198
120
91
161
71
116
224
108
116
234
118
109
177
69
69
190
121
78
154
76
139
264
126
93
182
89
122
190
69
93
226
133
82
161
80
106
247
143
75
145
74
117
208
91
93
212
122
88
158
72
155
300
145
89
182
93
102
189
88
88
210
122
78
150
73
170
297
127
84
153
71
145
253
109
74
205
131
86
185
99
117
225
108
78
152
74
173
253
82
81
187
108
89
191
103
100
205
105
88
186
98
95
167
74
76
190
115
95
175
81
127
268
141
99
193
95
115
188
74
92
234
142
81
162
82
124
238
114
89
163
74
121
197
77
93
240
150
87
163
79
105
256
151
87
164
78
119
186
67
90
224
136
93
171
80
137
263
126
77
163
87
113
221
108
106
217
112
67
147
81
150
272
122
75
152
77
148
241
95
72
185
114
77
179
103
135
250
117
74
159
87
133
203
71
79
196
117
106
215
110
103
224
122
99
206
107
110
188
78
73
189
116
113
190
78
135
250
115
116
236
121
106
177
71
68
208
140
88
170
84
134
257
125
86
163
79
106
179
73
91
244
155
83
153
72
115
258
144
84
170
86
124
219
95
109
238
131
72
139
67
154
298
146
91
176
85
108
208
100
78
188
112
81
169
90
156
284
129
77
150
75
160
256
98
91
226
137
83
169
86
114
228
114
71
156
85
162
249
88
82
192
111
91
192
103
119
265
147
77
178
101
115
177
63
85
204
121
111
201
92
142
264
122
96
192
97
115
182
67
82
219
137
94
180
87
109
226
119
100
181
83
116
188
72
108
265
158
86
159
73
122
293
171
73
141
68
106
192
87
104
206
104
90
160
72
164
323
159
89
176
88
118
242
124
74
175
102
71
148
77
142
257
115
91
188
98
127
219
93
74
203
129
68
165
98
137
241
106
96
186
92
157
252
97
84
214
132
92
196
105
139
270
134
80
184
104
145
243
98
76
188
114
96
187
93
121
229
108
123
222
100
128
207
81
85
239
156
86
176
92
118
242
126
100
172
72
128
211
83
133
319
187
76
155
81
118
272
154
82
165
83
130
217
89
103
221
122
89
177
90
143
312
171
85
172
89
131
214
83
91
216
126
84
170
88
167
277
111
90
175
85
146
256
111
89
205
116
79
179
100
130
275
147
80
178
100
153
229
79
96
212
118
103
203
101
149
273
125
95
193
98
121
194
73
80
206
126
126
222
97
127
243
116
104
204
101
130
221
92
81
250
169
92
179
88
116
228
112
106
194
89
121
204
84
113
246
134
74
150
78
146
311
165
73
159
86
133
219
88
101
252
154
80
146
66
157
300
144
78
176
98
132
241
109
85
196
113
79
160
83
148
270
122
99
186
88
136
236
103
93
223
132
84
206
122
135
272
138
80
161
81
150
232
83
86
212
126
111
226
116
139
267
128
75
169
94
135
219
86
82
208
126
114
196
83
120
255
135
106
217
111
133
207
76
96
263
167
99
191
93
121
234
113
105
191
86
123
209
87
111
248
138
88
196
110
117
281
164
75
162
88
127
208
83
114
249
135
86
157
71
163
337
176
90
170
81
125
226
101
88
214
127
89
183
95
136
265
129
79
159
80
140
252
115
92
220
130
72
165
93
138
256
120
97
187
92
154
223
69
80
205
126
120
230
112
132
250
118
80
177
97
134
219
85
73
212
141
97
187
91
131
253
122
100
206
106
136
230
94
88
245
158
85
161
76
128
258
130
108
186
78
132
226
95
101
269
168
80
170
90
129
293
164
92
181
90
108
192
85
117
261
144
82
162
83
144
293
149
97
182
86
152
264
113
75
190
115
76
160
85
161
317
157
76
148
72
151
265
115
77
195
118
89
217
129
128
243
116
69
145
76
166
249
84
96
219
123
115
213
99
127
245
118
79
203
124
131
210
80
94
230
138
122
197
76
142
278
136
102
204
102
121
208
87
73
215
142
98
191
93
102
214
115
97
182
85
131
220
89
100
250
150
74
144
73
132
292
161
103
192
91
113
183
70
113
242
129
75
152
77
170
320
151
99
189
90
120
227
109
82
206
128
74
161
91
169
287
118
75
144
69
172
290
118
70
169
100
93
203
110
130
257
128
83
159
76
169
252
83
92
219
128
100
203
104
126
244
118
73
181
108
133
210
78
96
213
117
100
178
80
124
232
108
101
196
95
144
235
92
78
241
164
95
177
82
115
246
131
107
199
93
117
204
87
103
252
149
94
190
98
114
255
143
92
173
83
139
220
82
115
225
110
80
160
80
176
343
167
82
174
92
115
214
100
81
190
109
80
167
87
171
315
146
78
156
80
133
236
103
87
222
136
98
196
99
115
235
120
86
177
91
163
250
89
97
243
148
103
195
92
135
259
124
94
209
115
137
220
86
87
211
126
104
191
88
136
246
110
99
194
96
132
221
90
70
248
178
92
168
77
112
222
113
130
224
94
149
242
94
117
287
171
90
176
86
117
285
169
99
166
67
115
199
85
93
213
120
90
180
91
161
306
146
80
159
79
120
221
101
89
215
127
97
196
99
164
308
144
81
163
84
171
276
105
81
227
146
84
187
104
125
278
155
70
150
82
149
221
74
96
213
117
114
227
114
118
233
115
82
199
117
143
234
94
93
221
132
112
202
93
114
245
133
94
218
125
118
207
90
83
239
157
93
172
80
138
264
128
112
199
89
127
215
89
117
268
152
106
189
84
135
296
161
94
176
83
113
216
104
89
223
134
86
168
82
161
337
176
97
205
111
110
204
96
87
229
144
103
184
82
181
315
135
83
160
77
175
287
113
85
245
161
89
208
120
131
250
119
95
183
88
179
276
98
98
227
130
108
211
104
134
257
123
86
183
97
135
215
80
68
179
111
104
200
96
113
245
132
122
223
101
133
220
88
97
269
172
93
164
71
117
244
127
110
202
93
138
223
86
93
250
159
83
168
87
128
289
162
85
170
87
139
223
85
102
236
135
110
218
108
156
310
155
96
182
86
121
220
101
97
236
141
82
166
86
150
277
127
83
179
96
161
265
105
100
233
133
77
186
110
142
280
138
84
162
79
160
252
92
87
209
123
133
240
108
110
239
129
83
206
123
125
214
91
83
211
130
106
194
89
131
252
123
121
234
114
127
215
89
83
241
158
83
160
77
163
299
138
105
191
88
141
222
81
98
266
168
84
169
86
148
303
156
93
188
95
124
221
98
103
228
126
85
169
84
154
313
160
85
173
88
114
217
105
92
226
136
82
174
93
162
286
125
76
158
82
175
302
129
102
243
